$ANSIBLE_VAULT;1.1;AES256
35303932636437353832333036376332336333373430653136343465383163313733353963323436
3665393032363531373833366332363162333463303438300a336265373931666561653931336435
35313134303931386532313936376632306633393562323034346632363938626465313565333431
3632643965326435610a656334396137616131343932663533386331366137303365613461623934
35336434396132643666373336633061333531383938363534363263346164383634633865626332
39366435636532373639343062303738326433613335633063616235333464393562656666346231
32303433326136343639346232323865396263663463383436316436336566623363623537636566
34383036626132666464313733376437376131626430386663663461626632663233336164343662
32356230643037333435393563326663613065333933356135313465366139343765353065373162
39643937333265323935383833363436616463383766386130326164343262616665383261376631
36646438373336623561353533616661393861323731333364353936376539653934396366353839
38633136393331326262313865646664383539396433333934353536383238303834333432626439
38666432303633326431643732346361383930356634323465633565386166313932663035333765
64616237373031363333666462616139323566396338316361386530326364303531663139303138
62323438663333343062636432393037393335613765663332373132343236346266313362346435
39613132383239346632343532656433326666393335303465313935636538636462333130336439
31343732613530356132613063636161343066333831353963613361346662633562363165633434
38663262366466633266616464643331623139386235393336303534356438653063306231653863
63343136386637643663376636623934613437336339366462393635613261396534616236653231
66336464383065653530626432373663353164623036326437646261323764316563343164643737
35336533346138653064306637323138313566336138393965376462393834313933346436356538
61626136353865333432633133636636323933323363636335326234313633343538653932653262
38616165376538323566346433306437356530366466333234373465616464366433326137366630
31633565633264666536393035366230363435366139346531663063346262363031353231343734
61646635353665633230313935336635396163363735653137383434376333633531376363636139
3236663463323931623663386364663061613137633730316362
