$ANSIBLE_VAULT;1.1;AES256
36303931343564323038636561373165353161303036383532636133393939323765346134656362
6339636363666437613066623561383666313162316564650a363938356130383463643566396535
61646638323963623434383336643532646462613861306631323932666361376533623133613662
3036303637663764390a636132363335633631343039313231343533306636343533306236393861
36323033343465383031336462326261626535323464616663303930323265363362356161333535
36396636643336306439636338366635633861383030363632346265316232373238653531313662
33393235613530303934316531633037613839643661653738656662313763303439393039373366
65613031643161363831386264326365313965373563616232343830633362383432643730333630
37346663623866316466393864643934386162613639643866383232386238616364313663343865
30366334626335316433333233316630666433383130356266303835633663356461383736643234
35663038366362303565343464396530343864376433326631383962336238643262626232356265
66323264356462383636663632616130353966376663336361643436313563616364313338343962
62333638346130316330313130316235393661303130333765636532313137363234303566333239
65616634353463643161316132383435633563356434323139396432643433386230646434333639
61373364643136653361323538326164393032613036323464623261323165663535646333356235
38396665393466343935656433303631356161353334393137316431383132333330653336373338
66326633653432303535383538303261383461626232393235373039393264663664343838613432
30663437353038633663363032646363326666636530316665316430646265393263666464633236
61313163653565333033393737366239353337396663616465303739313466363162623562663430
30626236376365313564626466323466313034323366366165656237386239396366356130346333
35313530653566383333353264396339326233313233306262663835326666633635306336393934
31636531653736653932386231353763633934653538326330363966643134306237613632383162
39623537326361663635313238323962643332623930326232626231643735313536323637643136
39356561326631316639376633316531373234363563373463363137646232336636313536343565
31623261363634653530303766643235626566323333636562643264313161353432373731373664
38656634396263373137393866303831346331383037383433353261376634663363363162313336
61393835326264626537653238623733653062303639326561313032653534383666653361353133
65303461336632393431336134323836646265323637343732393832626331396662333437363761
66343430313835383638613838396336663035306439656137303937353230333833376137313130
62363165626637666338356635303230363263336332353938303034623464343165383962373761
61666531613537386434656663353330303161623630353033643235653231376430363737306266
37363662353962633331623739333239666434623564316136346564346565383835663934663236
33663834653530386330383333386463303565323137306530323064613434333339363339333832
63633234373366306435336632343064383066643465343261346631636637313265613863653938
64316363653866613737333938653431633439656564396336326434626562646162623631616139
66636530383539336436373535623437373236383261333363656364303362636536306137356264
62323162353736313837376462353163616561616532373638373038323939353539633930383562
61643638386133356433626166313934333266663863623830303438646630303536326564613563
62333530396633306663613935366138613964633962663930313434386130646230383162333137
62366364386166666337373632396166643630626434626432393663356535306433353161363738
34623636653335663337386236323464396463303664303839626464653732623235616638346334
30303561653130663032633163353136373534393435393531633032313363363566386331613737
33316233393063386638373332643161326261663664623735306164393865313135376562633332
63666432326235373063303336316235663464316264646339373162336234303666326430356566
35313665646462663536356532353831373864643864356333653836666231343837303833633038
66356430653163356563333635653363333862316633303230666265393135396462313566353564
37636435316430613839626466613064333164346362653161656135326133373964316437633030
33666231346564373834656532623162393137633634333835623232386534346633636164373038
64366330623961313863633635656633343239626533663135633537653737393363313162336662
38306436306431363139636661303734333433353133346234313037643662336336636139306439
38396334383366316165396533653132366232663361336661376665666232393830373765323030
64653432303330633561323966303334356539666135633464646262343761373762356361643863
37303632643533366666303136366336616265653232633663656132643638346535396436343439
32373935663134393431623862353766396335326464626639386235663336643731613736636262
31353263326166386137653533346635616539383161393366626535306136326535346232616633
64313233633762386461643834653839383661303836376264393635333265616439646562383933
63356664396366656266643165613662663337306132646564306437393164633636346662376534
32313235346163396537396437396230326635646230323462363638316435396630383361623631
65346661303931333834363332656463623463353562656361386135343537636462383139346361
62613636346439643836393562363132336435363730313533376331363161373164323436316136
30393035646166366338383235393233313435613034313461353033666165306437663032336635
62373561633234313062623736316664343464666461383463656332366535366366396336623035
35636232666165326633616631613539383438626338343631316366303536393963356635376532
65366232373133383639383630333537386566663439623535643964656239656664303964363565
39363734363030623035356132623861303336306339333135616266303631353534616165666633
35306665313235303930306363343132396634653030366261653731353964613233613237393361
38376361363938643737356365643734633134326231343365396633363735303361366563666366
61626233333562333534616562613564646538333030366131303235663837636663653336393661
35313630666437323632336637366365666163633065376164666234393863353638353731613732
39363630666134636434376533643130366237626139663033363135623636323631643635653937
62396638666438396163353431653761653137326461383166303035303464356433336463373562
32323232623266396563653463343134323332616636333539646165316434383439613161343364
35363761383138386564623362343161333332666230613830376161326363613864666264623434
37613130323364343334336332656331653162366235396635613430356637303134663739313138
33613238613266333739383866346439643466643866653766303531346431393135386635626366
32666235653139383038333764653334656365386262313135633830666465326461396539313135
33643131633364386137343338346662313362633031323662663430316531626432396266336338
32666331373235646562316466323239316562303237366238346662316161303034613762393638
36356464643237363931336261646632343335653637633962323564356130646230396466663765
38383138383934393165303032646432326465646332633437656362383531373637633838323635
36373065303431626131633361346165343362316430306435383935356262313932643036393964
31333264353464633834646661306235366166613663396437663166623132653064633137353330
38646330353932353333393463396436343762393637636362626166316633386632643565623133
39663938656537373861326466333962306566366532326165643565346430653364613561633037
30353039383632623331353637623730303039326138623933376264303333316661653762656563
30356131616537353832623637316439333666376562333665616361353662626663303633613339
65303761636531323632316162346130366565613531303161653936666335353637396234333630
62643335663463393663356661646561643664636535613130316565373438326436343135383130
30376465633336626562346232303032666664666434643232626338636165313462393666656464
33303463643766353231656234316430316335313034353033376231346531396137626530326234
30633036333435336631643531633265303166346665633166623031646166623338306665666464
62616638616637643633373966393365383231366237336632306434323434383630656436656463
61323865653866343833613265633838626134343133326332393362353437653733306234383965
35643261656131633261373163623964333535383431343065666637313763623266343535303830
34646239646366336561613765653262313232643531646464343039666435386230343664386362
37653539613466363330313632646663323539356166396265346134336539623463653235363633
63626336343234303464323734336139396134333965323836623430316335383730386231313432
61386263613033306466653838343033366639623865316534623431373039396561313437393437
32336439336538666337393062343534643839636563616539373063373239383739643432663339
31396134663865626538626230353266613864336239363634616265323930376433383834623364
64646330363533646137636664643765643937643362383336396435323830643632373434323730
61653837616133663732636666366532363731396639663039363063306335613935396533646366
36333564316661363962383237653839623739313763666332343730643962323331396263393561
39373136623861343963363631323666636561303062393037316435323063366665316131393234
31383132306639643336633437613963633265323863303338386631646632653137313833393330
36656365363562663835386163303434643965333036666130613566333061313732633139313664
38353863333264623738313965393362303463303564383037353962386366343432303830376339
36643834636235636463396432336536363266343266623566306435386439653163373764346238
30346563363763663233363935663630633361333662623032333238646136613632336532393966
32636530383062633631343566346663666337626435626663383161393830303965383963346265
66383566663730666231623930303939343062323230373736363164643639636137373131623135
62623232306631623737396233393338373462366661363136656266373833623566346466363833
63646332353265626266653237633932323461653636303536636666656663613735646533313463
64613963363565353530353930616330623863636564303464333661333262306330396231343161
66346231376666626530323934363738643730393334306239376436303539363432376232383031
34363963333834396435646162393933363263376534633638626139633961336536616239343438
61373262313231663739363866616536666265663432623566393136366466626237393335373430
36376162386138636133613133383537396430613336303730356536346434396432363937383433
64353434666438313839396130373933653538663932386339313433636234636461373830366133
63393466336234383933356233373465626232333937326162623039616661653666316139326235
32633963646164633234333832383465386133653966626366663130613164636332343037636437
31653530353666396661626337313462636635383933393437653738616265323061313666383433
31643731323534373239643864613536616436626131633664663065643037333131653963376464
37333239383535623464396335376138633735633364623730386634313363376636383161393030
61626539613163396532653039633938313261336462643839306361396431626132306133366462
64343437376430633665376563383063383132373835393939653765306163353266326438623135
63306163373632623963643533363963626239623830626461623061323264663864616466323335
37306136343033353362313833666264613064383431336432616134383436653535636234373734
66613735336134313632666331393633666236336463616338666362313731343764316236356533
63323162363461353464376465333434623633616535393730366139336164393136303735393238
35613731303831393139373330303062393661373362613637303233363563376264346663363939
62633761393131373062303831623031313437376262346465353030336563393739353962666132
62326439353133656264633535613361343461653831303563346533633966363239316235613236
62656631363865373834363261646639636263306364363230613834616634663561613761383238
31333031386432356430313661663335393533386434333332656461623831383664623164653934
61363533633662356465
